################################ TEST SET 1, 11/3/25 ################################
test_set = [(5869437977, 2472524813), (10576730961, 6319406260), (1572010453, 280005573), (279742579, 6226125769), (6240370201, 956598303), (8270165433, 10658471691), (26070212, 4585717387), (26165150, 25991705), (843463020, 21529854), (26217250, 6058898375), (26151645, 26009744), (616942564, 10739447463), (2279742847, 4161700249), (3022068836, 4484476646), (26425162, 832782058), (1224377530, 732379115), (287227092, 10739497719), (1421871648, 26218274), (8408442976, 5409904699), (26165127, 2136439848), (26165152, 8007840936), (26425162, 4773779116), (465205538, 5914734949), (6148469042, 5312527696), (10739447463, 1970773874), (26466657, 830454815), (393143656, 963961960), (2892455961, 1751865178), (280010298, 3356986279), (26190457, 1097417876), (972935740, 2334396122), (26151656, 10751814850), (21037692, 26190497), (1022548134, 6433994021), (2460332277, 26170081), (26070211, 2189622273), (26165124, 3380845801), (2565672649, 26217254), (26170079, 966845899), (430269402, 4341744548), (966845899, 6824198862), (26165113, 430191416), (1975788450, 11865591910), (5885840414, 26160413), (10794808742, 26165101), (1436391229, 1885230900), (921648225, 1698355), (2971357803, 5569951805), (4590641788, 26164991), (2076171040, 4117553226), (26190507, 6192559883), (280003190, 17585264), (6831409058, 430666809), (26104434, 280003164), (4688567213, 5914735438), (10751814850, 4032728650), (26215522, 5869437927), (826838284, 1022548134), (1514665700, 5885840424), (5569951806, 430180490), (830599323, 826838284), (1203722130, 956598326), (840489772, 26149463), (393143659, 6343600441), (1036630663, 6157602586), (21531984, 830454725), (1097417905, 5879879532), (832782058, 5489858552), (1224377511, 3582048494), (981814755, 17705472), (2006482485, 26218283), (21529957, 5359925907), (280008965, 853556886), (280005484, 26151656), (2539000576, 367036281), (2214737730, 1986278327), (6071834338, 7065555301), (21032139, 6841851183), (6502743302, 26167335), (1692451190, 1052953636), (25954711, 18483296), (26190486, 26170079), (6824198859, 5359925907), (840488244, 21042461), (3033658145, 6343600442), (1969548497, 21310297), (1885230900, 2006482485), (4117553241, 4585717388), (17486537, 26165135), (2757541600, 26164040), (2189621006, 5438285327), (832782075, 1876656276), (1751865178, 21529949), (963961960, 891026747), (5359649074, 826838286), (1108314810, 826838271), (1419000235, 1108314693), (2076171054, 1422365759), (21031938, 2460332280), (1876656276, 830454826), (17705281, 4239199047), (435846331, 6058290567), (2892455930, 2472524832), (1775501534, 1044211088), (2565672654, 5308359053), (26164992, 2892455961), (4427052243, 3584572356), (25954712, 3001245508), (26104428, 17585126), (3356986279, 2298696536), (26160414, 840488244), (4906713454, 17705478), (430666457, 430672363), (4688614009, 1097417876), (280014599, 3101157631), (4565880110, 2565672658), (1127885350, 972935740), (26165128, 5869437927), (26170082, 26165099), (9662482584, 5359925908), (10751814837, 5941071864), (10283016082, 26165123), (4161700263, 26217283), (3355052507, 26070201), (12106287798, 1106626289), (6226125473, 242790322), (430180490, 21031938), (26151656, 5914735493), (430666918, 975789095), (21529953, 430668628), (3001245508, 26164992), (974624804, 6363663015), (26104404, 5517343420), (26070211, 6071834361), (26009748, 963961960), (10283016082, 26217224), (26009770, 6058981816), (5879879551, 4585717384), (17705489, 26104496), (4374643943, 5885840399), (26190468, 26170085), (21529896, 26165152), (4117553235, 21309758), (26166638, 7549842419), (8891802370, 17585143), (2297536205, 26165111), (4117553207, 26190520), (7192678490, 3584572365), (10935231431, 26215514), (17705281, 10935221495), (843463020, 26190490), (26150465, 4765573948), (1970090305, 26150474), (5410382639, 5879879549), (943619155, 1692444892), (10576730953, 2882717824), (1127885318, 26190520), (10794781027, 26164991), (280010106, 1968626170), (430685793, 4422870561), (3356986401, 4117553207), (1970773874, 279343253), (8007840937, 1227827624), (4117553235, 1913249541), (2279663502, 10935221491), (26190505, 6157602586), (4590641787, 26165120), (2004050917, 430663971), (21529896, 1227136497), (246189562, 1692451172), (26151648, 1969548497), (430179926, 6363663015), (833216544, 3022068836), (21031941, 26149467), (26165138, 10794781024), (430685705, 26104404), (26070189, 1422338809), (974883464, 21529980), (17585270, 12106877508), (1481290103, 2279682192), (6226125475, 26215516), (1108336044, 7737202757), (6502743303, 29175615), (3023519166, 3584572371), (4239199047, 10751814840), (6824198859, 21310297), (10751814837, 430179935), (2136439848, 430666745), (6319406265, 8898669707), (18483652, 2565672657), (686400062, 8265614351), (3001245522, 830454660), (2334396196, 25954711), (2941119306, 7066753267), (25954684, 26165100), (4765573948, 291583393), (26070240, 1203722130), (5274222101, 17487066), (26170075, 2279682197), (4585717385, 1127885291)]

weights_dict_opt1 = {'incline_weight': 0.25806589698012056, 'max_incline_weight': 2.385848873659276, 'distance_weight': 5.579483854494224, 'zero_start_weight': 13.982006857683707}
Number of routes analysed: 191
=====================Consumption===================== 
Total for objective weighting: 11483.958227363655Wh Total for distance weighting: 11499.876100785146Wh 
Percentage change: 0.138% 
=====================Current===================== 
Total for objective weighting: 260321.05914512093A Total for distance weighting: 274721.7635679325A 
Percentage change: 5.242%

weights_dict_opt2 = {'incline_weight': 2.2845804889825976,
                        'max_incline_weight': 0.889801834962223,
                        'distance_weight': 5.296244459829336,
                        'zero_start_weight': 15.005629167085328}
Number of routes analysed: 186
=====================Consumption=====================
Total for objective weighting: 11286.267158889152Wh Total for distance weighting: 11345.654872591771Wh
Percentage change: 0.523%
=====================Current=====================
Total for objective weighting: 263718.2534984073A Total for distance weighting: 275248.21569282754A
Percentage change: 4.189%

################################ TEST SET 1, 11/3/25 ################################
weights_dict_opt2
Number of routes analysed: 192
=====================Consumption=====================
Total for objective weighting: 11464.697892801489Wh Total for distance weighting: 11547.385288040783Wh
Percentage change: 0.716%
=====================Current=====================
Total for objective weighting: 262431.9828637554A Total for distance weighting: 275156.6126110209A
Percentage change: 4.625%

weights_dict_opt1
Number of routes analysed: 191
=====================Consumption=====================
Total for objective weighting: 11475.558044632622Wh Total for distance weighting: 11547.385288040783Wh
Percentage change: 0.622%
=====================Current=====================
Total for objective weighting: 258860.6405547911A Total for distance weighting: 275156.6126110209A
Percentage change: 5.922%

################################ TEST SET 2, 11/3/25 ################################
test_set2 = [(1250717927, 1692451164), (5312151795, 4538695034), (5403763153, 6268584230), (1968626144, 6053223346), (6053456294, 1492538770), (26167352, 1692451190), (4117553202, 1080015168), (830599319, 279758537), (2214737568, 12106287798), (871619402, 3356986401), (2189622273, 974883464), (26104425, 5292486008), (10795344565, 1250717928), (1421871648, 279742579), (5517343420, 1694620777), (8067099900, 26190490), (1692451170, 1130578185), (17585269, 430685793), (974624804, 26165127), (25991705, 975863090), (8231098761, 21037684), (974590455, 5914735429), (6363663016, 1694620777), (1203722130, 5883070148), (280010380, 2074636585), (26165111, 279762296), (26151665, 2890143697), (1130492605, 1572010453), (21529964, 10935221495), (26190519, 3460374415), (826838284, 4906713454), (8007840936, 3033658149), (5410201339, 5885840424), (430180324, 2279682178), (5434038556, 6058898375), (6317196629, 1264685728), (246189562, 430668440), (3001245519, 1968626161), (280010106, 5941071863), (10794781022, 6471047441), (975696595, 26190518), (430269758, 6835921890), (1970090198, 26167354), (3033658145, 2205701895), (5156146590, 26167352), (3460374403, 6723462489), (4765573948, 5914862032), (21529981, 26151646), (7737202755, 1250715152), (26164045, 2990144218), (6074360729, 4688567213), (17705480, 5912770821), (1968626166, 26167328), (10794781024, 17487069), (921648231, 6071834341), (5519467253, 4773779115), (3001245520, 2076171029), (17585265, 5885840393), (1692444945, 430180427), (430180407, 25954684), (2800145702, 5885840424), (26104434, 5517369479), (247900624, 5409904699), (1127885291, 2990144218), (8265614352, 6053448276), (5433997113, 17585269), (10283016082, 5874434841), (1970090119, 10658471691), (26103649, 430672363), (26165103, 4218233651), (430180407, 833216529), (5499934229, 21309828), (280005414, 2971357803), (26174095, 10658471692), (10935231459, 1203722103), (280004730, 832782073), (2460332272, 616942564), (61316516, 18483657), (5517343625, 2334411823), (7549842418, 26151653), (830599232, 393143659), (5912770821, 280009758), (1587196525, 1224377530), (536801204, 1130492591), (21309828, 26103642), (4538695033, 830599329), (26070202, 26104404), (26167379, 2472524823), (26170079, 830454815), (3356986276, 1257809441), (830599226, 7066753267), (871619402, 26070181), (2279682192, 2990144219), (7113258773, 8067099900), (10935221491, 26234217), (6319406260, 26137502), (5489858553, 2279682182), (4590641787, 957704280), (826838277, 6058898376), (393143658, 17486550), (1986278325, 7549842418), (5519467268, 4740701184), (3022068891, 21531986), (1572010449, 3002126219), (4565880160, 2032872352), (6723460483, 842596956), (4422870536, 260968662), (21529979, 4538695034), (1108314810, 2076171058), (25991704, 2032872352), (6071834341, 4032728634), (4161700267, 1692451164), (3033658134, 429911356), (1968626134, 963961940), (12106877508, 3356986396), (10935231430, 833216530), (5410382639, 29172767), (6417777708, 286873768), (279343253, 61316516), (5519467286, 2539000576), (4585717385, 10751398349), (975794801, 8265614349), (5397167040, 5941071863), (2006482417, 957704261), (830599243, 1692444887), (3582048494, 1968626170), (830599351, 1052953636), (25932476, 6439781387), (18483296, 17408667), (26466677, 26190518), (4765573948, 21031942), (1775501535, 280010379), (6471047444, 8408442976), (5410247753, 4117553193), (26070229, 26165153), (11664929738, 1692444887), (1214768525, 2004050917), (6363663016, 25954686), (972935740, 26190497), (830454725, 5359925909), (4765573944, 26165107), (5885840393, 2018970217), (2214737529, 26070234), (1692444946, 4117553207), (2334396122, 399343667), (5211306824, 5274222105), (430191416, 26165115), (393143651, 3584572371), (1052953603, 4585717388), (975869584, 986084142), (7621555214, 2189621006), (2076171033, 5041068186), (4426224306, 26170075), (2076171050, 5434038556), (1587196507, 6051774215), (1694620777, 3380845809), (26165150, 26165124), (21032624, 4426224308), (61316516, 10751814723), (10751814844, 5223768383), (393143654, 2335487861), (1885230900, 4906713455), (8898669715, 5359925907), (4161700263, 26104474), (2460332280, 1436391093), (26165141, 430668635), (2214737671, 826838286), (10794808742, 26190234), (393143651, 10935231459), (26122193, 61316516), (4032728630, 832782047), (7065555299, 3584572362), (1421871641, 5041068186), (2004051104, 18483652), (7089876256, 1986278381), (1970090305, 17585265), (21309761, 2554326609), (2023344605, 430672363), (5914735469, 1224607038), (5517369480, 840488244), (17486555, 1052953667), (279752829, 26104426), (6343600453, 430666878), (1876656258, 6925711725), (1436391056, 26151649), (26104496, 26165120), (430668440, 8067099900), (8233623540, 6831409058), (5825992764, 5006106424), (10689370453, 6018428039), (17705491, 6226125476), (280005373, 10794781027), (26165154, 956598303), (830599254, 6925711725), (18483296, 21031941), (1108314693, 8235550079), (26150467, 4427052243), (1157134846, 21037686), (12057484711, 2882717824), (1572010468, 5274224230)]

weights_dict_opt2
Number of routes analysed: 186
=====================Consumption=====================
Total for objective weighting: 11416.78802683277Wh Total for distance weighting: 11345.654872591771Wh
Percentage change: -0.627%
=====================Current=====================
Total for objective weighting: 267140.9141178368A Total for distance weighting: 275248.21569282754A
Percentage change: 2.945%

Number of routes analysed: 186
=====================Consumption=====================
Total for objective weighting: 11286.267158889152Wh Total for distance weighting: 11345.654872591771Wh
Percentage change: 0.523%
=====================Current=====================
Total for objective weighting: 263718.2534984073A Total for distance weighting: 275248.21569282754A
Percentage change: 4.189%


